%YAML:1.0
---
type: IMU
name: xsens
Gyr:
   unit: " rad/s"
   avg-axis:
      gyr_n: 1.4655844499465677e-03
      gyr_w: 4.2690808742717860e-06
   x-axis:
      gyr_n: 1.4728518772581484e-03
      gyr_w: 4.9791692986607381e-06
   y-axis:
      gyr_n: 1.5066601734186472e-03
      gyr_w: 3.8398568766087348e-06
   z-axis:
      gyr_n: 1.4172412991629078e-03
      gyr_w: 3.9882164475458850e-06
Acc:
   unit: " m/s^2"
   avg-axis:
      acc_n: 1.9702320405988342e-02
      acc_w: 5.5264432475617012e-04
   x-axis:
      acc_n: 1.7696656651799921e-02
      acc_w: 2.8704062013016208e-04
   y-axis:
      acc_n: 1.8354228536753416e-02
      acc_w: 3.2418212772281513e-04
   z-axis:
      acc_n: 2.3056076029411690e-02
      acc_w: 1.0467102264155332e-03
